01300000111020000300123323323323123323223313310313
01310000111101013111132322323322322303313313313313
00020000010000200000123123123123123323323313123311
01300101011100000130133323323323223323313313323313
01300000111000003330133323323322122333323313300323
01300000111100010330123323323323123323313310310311
00020000110000200033123123123123123323313313210313
03100000000003000333311121121121122122130131100131
03000000010300000330321121211211221231130130323131
01300001011120200301123323323323123323213313013313
00000000000002000000111111120111112111131131312131
00000000000002220000333333233333020333313313311311
01300000111100000331123323323321123323313310310313
01300100011110000300123323323323123323313313120310
01300000110001000003133323323322123323310313320313
03000300030302000333321121231211221231233131110130
01300100111101010300123323323323123323313313213311
03000300030023000330321121221211221231230131230130
03030000031003000303321121231111222131131131033131
01000101111000000003122323223213223333310313113310
03000300010000000303311121231211221231230131120131
01300000011100000330133323323322123313323313313311
01300000011101200100133323323322123333313310330313
03030000001103000300321121231111222231131130131131
01300000011101000000133323323323023323313310313310
03030000031000003333321121231111222231131131320131
01300000011000301030133323323322322323313313320313
01000000011100000100123323210313223233310313310310
01010000010300000300321320213213223233313313213313
03100000030000003333311121121121322122121131121131
00000000000000000000113111111111211111131331310111
01300000011101300300123323323323123323310310033311
03000030301100003330321121231111221231131130331131
01300100111100000300123323323323123323313310113311
01300100011101000310123323323323123323313310220311
00000000000000000000111111211111212311331131331331
01300000111000000030133323323323323323313313203310
01010100010001000103122323213213223223313310310311
01310000111100000130133323323322122323313313313313
01310000011000001031131323323322322323313313113313
01000000000100000003122323213213223333311313030310
01300100011101000300123323323323123323320310223311
01310000011100000101133323323322122322313313313310
01300000011101200330123323323323123323313310310311
03000003110000003333321121221211221231131133221130
01010000011001000103123323213213222333313313323313
01000100010100003331133323223213223233110313220310
01000100110100003301133323213213223233313310312310
01300000011101000100133323323323122313323313310310
01300000011100000000133323323322022323313310313313
03000303030002001300323120231211221231230130110131
01300000111001000030133323323322122333313310320313
01300000011100000130133323323022322323323313213313
03030000331100000033321121231121221231131130221131
01000001011001000303123323223213223233310313312313
00000000000000020000111111211111221111131331131331
01000000111102000103123323223213223333210313300313
01000000011000001133121320213213223233310313310313
00000000000000020000111111111111311111131331311311
01010000010100010103123323213213223323323313313313
03000000000003030333321121221211221231131130130131
01300000010100000030133323323322122333323313013313
03000000001100003303321121221211221231121133121131
01000000011100000100123323223213223333323213303313
03030000000100000333321121231121221231131131231131
03000000000303000030322121221111221231131131231130
01000000011101001110123323213213223333313313333311
03000303030003000303322121231211221231133131221131
01000100010100003330123323223213223233313310310313
01300000110100000130133323323322223323313313010313
01300000011101000000133323323322123333310313320313
01000100010100000303133323223213223233223313310313
03030000030000000333321121231121221231131131230131
01300100011101001130133323323322123313313313313313
01300100011101003000133323323322122323313310310310
01300000011100000030133323323322123333313313313313
01000100011100000033123323223213223333313313203313
03000000000303000030321121221111221231121131131131
01000000310102000103133323223213223233210313320313
03000303000000000300321121230111221131131131100131
01000100011001000133133323223213223233313313111313
03000300033003000333321121221211221231131130232131
01000000010002000301133323223213223233323310310310
03000003030000000330321121231111221231131130230130
01000000010101000133123323213213223333333313310310
03000000000100000330321121221111221231131130231130
01000000011100000130123323223213223333323310010313
03000000031100000303311121221211221231131130230131
01000100011101000030123323213313223333311313013310
01000000010100000003122323213213223333313313213313
01000000011001000100123323223213223333313313110313
03000000030000000300311121221211221231121131122131
01000000010002000103133323223213223233313313201313
03000000031000003300321121221211221231131130331131
01000000010300000103133323223213223233313310313313
03000000030000000330321121221211221231130131130131
01000000010001000100122323213213223333313313303313
03000003030100000300321121231111221231131130331130
03000000030003000330321121221211221231131130230131
03000300030103000303321121221211221231131131230131
03100000311320203033311121121112222222130131100121
01000000111120203133232233133232232332211333110113
03100030003023233030311121121112222221131130030130
03000000110120203131231232212212112212333133111110
01300000111101200003123323232223332333313313003322
03100000010022003333323121322121323122131110201121
01300100101121000130113323323332122333310313103323
01000100111020023330212212212232232332213131211311
01300030111100203330123323233233232233310313333113
00100000011000010013112111112111211121331131132331
00100000110100203003111111111111222111130333330331
01000002111120003103232212233233232332213313332313
03100000030122203033311121121112222121130100120131
03000000130100223333212232211212212211133233330131
01300000011022220300123323023323132323213303320310
03100000011130203330323121321122321123330133101131
00020000000002220033133123323123123122120303121110
03100000100020003333323121121111321121120131023131
01300000111120300333123323323122233333313313310310
00100000011000103003111111122111121122111131030130
03130000010303203333112122111121122123111030121131
01310000111101203101133322322322322303323320301320
03100030030122000300311121121111322123120101120130
01300001101123003303123323323123223333110313313313
00020000000100320030123123123123123323313323323301
03130300101323333033112122120122122123110110021101
01000030011120200331123323233213233233213313023313
00020030000002220030123123123122123323123303323100
03100000001023003333311121121111322122111131121121
01310000111101301100332322333322322313323313311313
00100030013020003333121111111111211221131130331131
00020000001102220000311321323321321321321330131101
01000000111100003303233212232232232232313313231013
01300000111100200130131323323333232322323313100323
01300000001022000033133323123121122321323323330313
00300000003122000030323333332123233233313333303310
00020001010102200300321121321321321331331131231130
01000000111120220103212212232232232232213310003310
01310001111120200330123323323322323333213313213313
01310000111100231100113323323322222322310313313310
03130003130330203033312122121101122122131130021131
03130300001000033333311121121121222122131131033131
01310001111100210100133323323222222322313313313313
03130000130020233333311121121122322122231131011131
01300300311120300300123323323323123323310313320323
01300000111001000303133323323323322333310310323313
01300000111000201033133323322322123333313313210310
03000000131000000330321121221211221231133131300131
03000000110103000330311121221211221231131133231130
01000000011100000100123323210313223233310313310310
03100000311320203033311121121112222222130131100121
01000000111120203133232233133232232332211333110113
03100030003023233030311121121112222221131130030130
03000000110120203131231232212212112212333133111110
01300000111101200003123323232223332333313313003322
03100000010022003333323121322121323122131110201121
01300100101121000130113323323332122333310313103323
01000100111020023330212212212232232332213131211311
01300030111100203330123323233233232233310313333113
00100000011000010013112111112111211121331131132331
00100000110100203003111111111111222111130333330331
01000002111120003103232212233233232332213313332313
03100000030122203033311121121112222121130100120131
03000000130100223333212232211212212211133233330131
01300000011022220300123323023323132323213303320310
03100000011130203330323121321122321123330133101131
00020000000002220033133123323123123122120303121110
03100000100020003333323121121111321121120131023131
01300000111120300333123323323122233333313313310310
00100000011000103003111111122111121122111131030130
03130000010303203333112122111121122123111030121131
01310000111101203101133322322322322303323320301320
03100030030122000300311121121111322123120101120130
01300001101123003303123323323123223333110313313313
00020000000100320030123123123123123323313323323301
03130300101323333033112122120122122123110110021101
01000030011120200331123323233213233233213313023313
00020030000002220030123123123122123323123303323100
03100000001023003333311121121111322122111131121121
01310000111101301100332322333322322313323313311313
00100030013020003333121111111111211221131130331131
00020000001102220000311321323321321321321330131101
01000000111100003303233212232232232232313313231013
01300000111100200130131323323333232322323313100323
01300000001022000033133323123121122321323323330313
00300000003122000030323333332123233233313333303310
00020001010102200300321121321321321331331131231130
01000000111120220103212212232232232232213310003310
01310001111120200330123323323322323333213313213313
01310000111100231100113323323322222322310313313310
03130003130330203033312122121101122122131130021131
03130300001000033333311121121121222122131131033131
01310001111100210100133323323222222322313313313313
03130000130020233333311121121122322122231131011131
01300300311120300300123323323323123323310313320323
01300000111001000303133323323323322333310310323313
01300000111000201033133323322322123333313313210310
03000000131000000330321121221211221231133131300131
03000000110103000330311121221211221231131133231130
01000000011100000100123323210313223233310313310310
11111111111111111111111111111111111111111111111111
22222222222222222222222222222222222222222222222222
33333333333333333333333333333333333333333333333333
01000300110120203133212032212212212211231333110320
01000000110120211133233212232232232232213323012310
03030003311100103303323121231211221131131130210101
00000300111100003331311121321222322221233333231133
00000001110100203003111111111111222212333311010310
01300000301120203313123323323323032323210330031311
03000000110020203330213212212211212332213330210311
01300003131320200333133323323223232232211313120110
01300000101121003103123323311321122323203313310313
03130003110110203130311121122222111111233331121131
00000000110020223330112111111211212222231321301311
01300000111321003330123323323223223333223300313310
03130313330110023033312121111112222122131120222131
00020000111120200010321321121322322321233333131131
01300000001102023300123323321121323321233313133313
01000000310120003303212232232212222232222333221131
03100000100320023333312121212122322322231133330131
03100000110120203003313121111212222322211333323312
03130103110020000300311121121122222123231331112121
01300100111101200030123323311022212323113313310311
01000000111000223330213212132232232213211313131311
01310000111020000330123323322112123321220313320321
00020000011102000300313321321111321122313330101311
03000320110120023303212232232211212212230333031131
03000100110100223330211132212212212212231330303331
01300001031122000330123323323323123303310313300313
03130000011300003330311121122122222122121131111131
01300000111121100101123323333323222323213303013311
01300000111123300330123323323323123323310303023320
01300000111000000100123323323032220333313323123311
01300000031022300330123323323323123323320320000313
03130300000020003333311121121122222122131131031131
00020000000002220000123123123123123323103323103313
03130000110320203313312122111121122121231130011131
03100003330000013033311121221111222121120131133130
01300000011001001000133323331113222333313313023313
01300000001122000310123323323321123323113300113310
03100100100100003333311121221212222222223333100111
01300001001121000331123323323322123333323313310321
03130000110320203330311121121102212122230331133132
00000000001000023033111111111111213311113331313303
03130003130103013333311122122121122122130130232131
03030000030002000303123120231211221231131201230231
01310100001121213100332322322320322323301322302303
01300100101020200033123323323323123323313310330310
01300000111000001100123323323333222333313323132310
03130310100303103303112122120131102120101120102101
00300000000000200030313032333122322332331333021323
00020000010002203333123123123323123323123313000310
03130000000003233303313121121122322122120131131131
01300000011102003110123323323322322333220310303310
03130003311320203333312121121122122122231130113132
03000000131000000330321121221211221231133131300131
03130300030303203313112122122121122121100130123130
03130000131300200333323121121121111122231130220131
03130000110320223331311121121132222112221331030131
01310000111101300110332322333322322323322321223311
00000000000002020000113111112111012111111133313333
03130333330123330013112122121120122120102101101101
01300030111100200000123323323320022323313313303310
01000000111101000133123323210313223333312313023310
03130000000330203333313121121122122122131130110121
03130300030303203313312122123111122122121132321120
01000100120000000300111320213213223233213223210210
03130303000003203303311122121121122122130131032131
01300130011023000131123323323323123323313313322323
01000000000120001100123323213213223333313313033313
01000000130300001131121320213213223233313303300210
03000000110103000330311121221211221231131133231130
03130000110120003333311121111112222122230333010130
03000100010002000031321121211111221231130131320121
01010000111100003013123323223210223223313313313313
03130000331300103333311121121122222122131131022131
01300000011102001131123323323323323323210310323322
01310000111000003101123323323322323322223313010313
03130000000323230331112122121121122120131131001131
01310000100101213103332322323322322323320320023311
03000100030303003303321121221111221231130131113131
01310101011101210013332322322320322323300300003320
03130000030300203303312122111121122122131133230131
03000000100100000330322121221211221231131130021130
01000001033002000033121320213213223233210313300313
03130303030323231303112122122120322120102101100100
01300100011001013000123323323323123323310313001313
03030300130100003330321121231221221231131130101131
01010000011000010110123323213213223223313310203313
03030000030103000303322121231211222131130130000131
01010003010000001133122323213213223323303313300313
03100000030000000333311121121111222122131131230131
02030003003300020002123120231221221231201230231211
01000000011100000100123323210313223233310313310310
03000000010300000330321121211211221231130130323131
03000303030002001300323120231211221231230130110131
03000000030000000333320121230111221131131131201131
03000300010000000303311121231211221231230131120131
03000300030302000333321121231211221231233131110130
03000000000003030333321121221211221231131130130131
03000000000303000030321121221111221231121131131131
01000000011001000100123323223213223333313313110313
01300030111320203300133323332323232232210303110111
01000300110120203133212032212212212211231333110320
01000000110120211133233212232232232232213323012310
03030003311100103303323121231211221131131130210101
00000300111100003331311121321222322221233333231133
00000001110100203003111111111111222212333311010310
01300000301120203313123323323323032323210330031311
03000000110020203330213212212211212332213330210311
01300003131320200333133323323223232232211313120110
01300000101121003103123323311321122323203313310313
03130003110110203130311121122222111111233331121131
00000000110020223330112111111211212222231321301311
01300000111321003330123323323223223333223300313310
03130313330110023033312121111112222122131120222131
00020000111120200010321321121322322321233333131131
01300000001102023300123323321121323321233313133313
01000000310120003303212232232212222232222333221131
03100000100320023333312121212122322322231133330131
03100000110120203003313121111212222322211333323312
03130103110020000300311121121122222123231331112121
01300100111101200030123323311022212323113313310311
01000000111000223330213212132232232213211313131311
01310000111020000330123323322112123321220313320321
00020000011102000300313321321111321122313330101311
03000320110120023303212232232211212212230333031131
03000100110100223330211132212212212212231330303331
01300001031122000330123323323323123303310313300313
03130000011300003330311121122122222122121131111131
01300000111121100101123323333323222323213303013311
01300000111123300330123323323323123323310303023320
01300000111000000100123323323032220333313323123311
01300000031022300330123323323323123323320320000313
03130300000020003333311121121122222122131131031131
00020000000002220000123123123123123323103323103313
03130000110320203313312122111121122121231130011131
03100003330000013033311121221111222121120131133130
01300000011001001000133323331113222333313313023313
01300000001122000310123323323321123323113300113310
03100100100100003333311121221212222222223333100111
01300001001121000331123323323322123333323313310321
03130000110320203330311121121102212122230331133132
00000000001000023033111111111111213311113331313303
03130003130103013333311122122121122122130130232131
03030000030002000303123120231211221231131201230231
01310100001121213100332322322320322323301322302303
01300100101020200033123323323323123323313310330310
01300000111000001100123323323333222333313323132310
03130310100303103303112122120131102120101120102101
00300000000000200030313032333122322332331333021323
00020000010002203333123123123323123323123313000310
03130000000003233303313121121122322122120131131131
01300000011102003110123323323322322333220310303310
03130003311320203333312121121122122122231130113132
03000000131000000330321121221211221231133131300131
03130300030303203313112122122121122121100130123130
03130000131300200333323121121121111122231130220131
03130000110320223331311121121132222112221331030131
01310000111101300110332322333322322323322321223311
00000000000002020000113111112111012111111133313333
03130333330123330013112122121120122120102101101101
01300030111100200000123323323320022323313313303310
01000000111101000133123323210313223333312313023310
03130000000330203333313121121122122122131130110121
03130300030303203313312122123111122122121132321120
01000100120000000300111320213213223233213223210210
03130303000003203303311122121121122122130131032131
01300130011023000131123323323323123323313313322323
01000000000120001100123323213213223333313313033313
01000000130300001131121320213213223233313303300210
03000000110103000330311121221211221231131133231130
03130000110120003333311121111112222122230333010130
03000100010002000031321121211111221231130131320121
01010000111100003013123323223210223223313313313313
03130000331300103333311121121122222122131131022131
01300000011102001131123323323323323323210310323322
01310000111000003101123323323322323322223313010313
03130000000323230331112122121121122120131131001131
01310000100101213103332322323322322323320320023311
03000100030303003303321121221111221231130131113131
01310101011101210013332322322320322323300300003320
03130000030300203303312122111121122122131133230131
03000000100100000330322121221211221231131130021130
01000001033002000033121320213213223233210313300313
03130303030323231303112122122120322120102101100100
01300100011001013000123323323323123323310313001313
03030300130100003330321121231221221231131130101131
01010000011000010110123323213213223223313310203313
03030000030103000303322121231211222131130130000131
01010003010000001133122323213213223323303313300313
03100000030000000333311121121111222122131131230131
02030003003300020002123120231221221231201230231211
01000000011100000100123323210313223233310313310310
03000000010300000330321121211211221231130130323131
03000303030002001300323120231211221231230130110131
03000000030000000333320121230111221131131131201131
03000300010000000303311121231211221231230131120131
03000300030302000333321121231211221231233131110130
03000000000003030333321121221211221231131130130131
03000000000303000030321121221111221231121131131131
01000000011001000100123323223213223333313313110313