01300000101121003103123323311321122323203313310313
03100000100320023333312121212122322322231133330131
01000000011100000130123323223213223333323310010313
03000100110100223330211132212212212212231330303331
01300000111000000100123323323032220333313323123311
01300000031022300330123323323323123323320320000313
03130300030303203313312122123111122122121132321120
01010000111100003013123323223210223223313313313313
03130000000003233303313121121122322122120131131131
00000000110020223330112111111211212222231321301311
01010003010000001133122323213213223323303313300313
03000303030002001300323120231211221231230130110131
03000300030103000330321121221211221231131133131131
03000000100100000330322121221211221231131130021130
01300000011100000100133323323323222323323313313310
00300000000000200030313032333122322332331333021323
01300000011101000000133323323322123333313313323310
03000000030100000300311121221211221231131130120131
01000000110120211133233212232232232232213323012310
03130310100303103303112122120131102120101120102101
01000100011101000030123323213313223333311313013310
03000000000303000030321121221111221231121131131131
03130000011300003330311121122122222122121131111131
01000000010300000103133323223213223233313310313313
01300000301120203313123323323323032323210330031311
01310000100101213103332322323322322323320320023311
03130003110110203130311121122222111111233331121131
03000000131000000330321121221211221231133131300131
01310100001121213100332322322320322323301322302303
03000003030100000300321121231111221231131130331130
03100100100100003333311121221212222222223333100111
00020000111120200010321321121322322321233333131131
03130000110120003333311121111112222122230333010130
01000000011100000100123323223313223333313313313313
01300000001102023300123323321121323321233313133313
01010000011000010110123323213213223223313310203313
03030300030103000303321121231211222131131131131131
01000100011000000331123323213213223233313313323310
03000300001000000333321121221111221231131131131131
03130000110320203330311121121102212122230331133132
01000000000120001100123323213213223333313313033313
03000000030003000333321121221211221231121131231131
03000300010000000333321121231111221231131120130131
01300100011001013000123323323323123323310313001313
03000000030000000330321121221211221231130131130131
03130003130103013333311122122121122122130130232131
01000000010001000100122323213213223333313313303313
03130000030300203303312122111121122122131133230131
01000100120000000300111320213213223233213223210210
01000100010100000100122323223213223233313310313313
03130303000003203303311122121121122122130131032131
01000100011101000100123323223213223233313313313311
03030300130100003330321121231221221231131130101131
00000001110100203003111111111111222212333311010310
03000300010000000303311121231211221231230131120131
03130000110320223331311121121132222112221331030131
00000000000002020000113111112111012111111133313333
00000300111100003331311121321222322221233333231133
01310000011100201131121323323322223323313313313313
03000000030000000333320121230111221131131131201131
01000000010000000030123323223213223333310313320313
00020000011102000300313321321111321122313330101311
01300130011023000131123323323323123323313313322323
11111111111111111111111111111111111111111111111111
00020000000002220000123123123123123323103323103313
03000000031002000330321121221211221231121131131131
01000000111101000133123323210313223333312313023310
00020000010002203333123123123323123323123313000310
01000000310120003303212232232212222232222333221131
01000000130300001131121320213213223233313303300210
01300001001121000331123323323322123333323313310321
03000300033003000333321121221211221231131130232131
03000000000100000330321121221111221231131130231130
03100000030000000333311121121111222122131131230131
03000000000003030333321121221211221231131130130131
01000000010101000133123323213213223333333313310310
01000000011100000100123323210313223233310313310310
03000320110120023303212232232211212212230333031131
03000300030302000333321121231211221231233131110130
03130300000020003333311121121122222122131131031131
01300000111321003330123323323223223333223300313310
03000000110020203330213212212211212332213330210311
01310000111020000330123323322112123321220313320321
01300100111101200030123323311022212323113313310311
01000100010100001133123323213213223233313313310310
03130000000323230331112122121121122120131131001131
01300000011100000100133323323322123323310313323313
01300000111121100101123323333323222323213303013311
01000000011100000100123323213213223333313313300310
22222222222222222222222222222222222222222222222222
01310000111101300110332322333322322323322321223311
01000001033002000033121320213213223233210313300313
03100000110120203003313121111212222322211333323312
01000000011101000100123323223213223233313313313313
01000300011000000100123323213213223333313313213313
01300000111000000030133323323322123333323313313313
03130313330110023033312121111112222122131120222131
03000000030000000300311121221211221231121131122131
33333333333333333333333333333333333333333333333333
01000000011100000130123323213213223333313313023311
01300000011102003110123323323322322333220310303310
03030000030103000303322121231211222131130130000131
03000000110103000330311121221211221231131133231130
02030003003300020002123120231221221231201230231211
01310000111000003101123323323322323322223313010313
01300000001122000310123323323321123323113300113310
03000000031000000333321121231111221231130131131130
03000000010300000330321121211211221231130130323131
03130303030323231303112122122120322120102101100100
01300000011100000100133323323322122333313313313310
03000000031000003300321121221211221231131130331131
01000000111000223330213212132232232213211313131311
03130103110020000300311121121122222123231331112121
03000000031100000303311121221211221231131130230131
01000000010100000003122323213213223333313313213313
03030000030002000303123120231211221231131201230231
03000003030000000330321121231111221231131130230130
01300000111123300330123323323323123323310303023320
03130000000330203333313121121122122122131130110121
01000000010002000301133323223213223233323310310310
01300030111100200000123323323320022323313313303310
01300100101020200033123323323323123323313310330310
01300001031122000330123323323323123303310313300313
03130333330123330013112122121120122120102101101101
01000000011101000300123323223213223233323313213313
03000300031000000303321121231111221131130131131131
03130000131300200333323121121121111122231130220131
03130000331300103333311121121122222122131131022131
01300000011101000130133323323322122333310310311313
01300000011001001000133323331113222333313313023313
01300000011102001131123323323323323323210310323322
01000000010002000103133323223213223233313313201313
03000000030003000330321121221211221231131130230131
03030003311100103303323121231211221131131130210101
01300030111320203300133323332323232232210303110111
00000000001000023033111111111111213311113331313303
03130300030303203313112122122121122121100130123130
01300000011100000000133323323322123323310310310313
03000100010002000031321121211111221231130131320121
03100003330000013033311121221111222121120131133130
01000300110120203133212032212212212211231333110320
01310101011101210013332322322320322323300300003320
01300000111000001100123323323333222333313323132310
01300000011101000130133323323322122333313313313313
01300003131320200333133323323223232232211313120110
03130000110320203313312122111121122121231130011131
01000000011001000100123323223213223333313313110313
01010000010101000003123323213213223223310310313310
03000100030303003303321121221111221231130131113131
03130003311320203333312121121122122122231130113132
