01300000110001000003133323323322123323310313320313
01300000011100000130133323323022322323323313213313
03100000031000000033311121121121122122131131131111
01000000011100000100123323210313223233310313310310
03100000310022203300311121121222221121230133101111
01300000011101200330123323323323123323313310310311
01300000111100000331123323323321123323313310310313
01300003011100000300133323323323123322323313203313
01000000011100000100123323213213223333313313113311
01310001111000211111132323323322322322313313113310
01000000011101000130122323213213223333310313013310
03100000111120000030311121331132222230230133123131
01300000111120013330123323323323122323213313320311
01330000111100003130133323323322322322310330021311
01310000101100301133131323323322322322313333300311
01000000001000000033123323213213223333313313211310
01300100111101010300123323323323123323313313213311
01000000011100000100133323223213223233213313323311
01000000111100000030123323213213323313313310023311
01300000011101000100133323323323122313323313310310
03030000000100000333321121231121221231131131231131
01000100010120000303123323213213223333211313113313
03000000000303000030321121221111221231121131131131
03000300010000000303311121231211221231230131120131
03000000000303000030322121221111221231131131231130
03030000031000003333321121231111222231131131320131
01000000110100221100112311211222222211211333000311
01000000010002000103133323223213223233313313201313
01000000011001000100123323223213223333313313110313
01300000011100000330133323323322123313323313313311
01300100011101000300123323323323123323320310223311
01310100111100010101123323323322222323313313211310
01000000010100000100123323213213223333323313113310
01000000011100000100123323213213223333313313300310
01000000111000020133123323223213223333223313213310
01300000011100000030133323323322123333313313313313
01310000111100010000131323323322322322313313310313
01300000011101000300123323323323123323310313310313
01300100011101000310123323323323123323313310220311
03000000001100003303321121221211221231121133121131
03030003031003000333321121231211222231131133130131
01000000110102003103133323223213323233213313310311
01310000111100000130133323323322122323313313313313
03030000030000000333321121231121221231131131230131
01000000010001020103133323223213223233223313313310
01300000111001000030133323323322122333313310320313
01300000111120020000133323323122232223213313013313
01300000110100000130133323323322223323313313010313
01000000010102000103133323223213223233113313313313
11120000333120223333323231221221231321231131021131
01000000010300000103133323223213223233313310313313
01300000111000000030133323323323323323313313203310
