01300010111310223300113323321332323322112310321310
01000002111120003103232212233233232332213313332313
00100000011000010013112111112111211121331131132331
03100030003023233030311121121112222221131130030130
03100000111022023303311121111222312331131131030101
00100000110100203003111111111111222111130333330331
01000100111020023330212212212232232332213131211311
03100000010022003333323121322121323122131110201121
01300100101121000130113323323332122333310313103323
03000000130100223333212232211212212211133233330131
03100000030122203033311121121112222121130100120131
01300000011022220300123323023323132323213303320310
00020000000100320030123123123123123323313323323301
00020000000002220033133123323123123122120303121110
03130000010303203333112122111121122123111030121131
00100000011000103003111111122111121122111131030130
03100000011130203330323121321122321123330133101131
01300000111120300333123323323122233333313313310310
03130300101323333033112122120122122123110110021101
01000030011120200331123323233213233233213313023313
00100030013020003333121111111111211221131130331131
03100000100020003333323121121111321121120131023131
03100030030122000300311121121111322123120101120130
00020030000002220030123123123122123323123303323100
01000000111100003303233212232232232232313313231013
01310000111101203101133322322322322303323320301320
01300001101123003303123323323123223333110313313313
03100000001023003333311121121111322122111131121121
00020000001102220000311321323321321321321330131101
01000100120000000300111320213213223233213223210210
01000000111120220103212212232232232232213310003310
00300000003122000030323333332123233233313333303310
01300000001022000033133323123121122321323323330313
01300000111100200130131323323333232322323313100323
01310000111101301100332322333322322313323313311313
03100300001003100330331121121103121122121131021130
00020001010102200300321121321321321331331131231130
03130003130330203033312122121101122122131130021131
01310001111120200330123323323322323333213313213313
01310000111100231100113323323322222322310313313310
01310001111100210100133323323222222322313313313313
01310001111120201130112323323322322322211313213311
01300300311120300300123323323323123323310313320323
03130300001000033333311121121121222122131131033131
03130000130020233333311121121122322122231131011131
01300000111001000303133323323323322333310310323313
01300000111000201033133323322322123333313313210310
03000000131000000330321121221211221231133131300131
03000000110103000330311121221211221231131133231130
01000000011100000100123323210313223233310313310310
