3415 01000000011100000100123323213213223333313313300310
3390 03000300033003000333321121221211221231131130232131
3344 01000000010002000301133323223213223233323310310310
3335 03000003030000000330321121231111221231131130230130
3498 01000000010101000133123323213213223333333313310310
3369 03000000000100000330321121221111221231131130231130
3419 01000000011100000130123323223213223333323310010313
3429 03000000031100000303311121221211221231131130230131
3369 01000100011101000030123323213313223333311313013310
3383 01000000010100000003122323213213223333313313213313
3326 01000000011001000100123323223213223333313313110313
3363 03000000030000000300311121221211221231121131122131
3410 01000000010002000103133323223213223233313313201313
3390 03000000031000003300321121221211221231131130331131
3418 01000000010300000103133323223213223233313310313313
3416 03000000030000000330321121221211221231130131130131
3433 01000000010001000100122323213213223333313313303313
3422 03000003030100000300321121231111221231131130331130
3441 03000000030003000330321121221211221231131130230131
3162 03000000000303000030321121221111221231121131131131
3326 01000000011001000100123323223213223333313313110313
3410 01000000010002000103133323223213223233313313201313
3416 03000000030000000330321121221211221231130131130131
3390 03000300033003000333321121221211221231131130232131
3369 03000000000100000330321121221111221231131130231130
3498 01000000010101000133123323213213223333333313310310
3429 03000000031100000303311121221211221231131130230131
3418 01000000010300000103133323223213223233313310313313
3363 03000000030000000300311121221211221231121131122131
3415 01000000011100000100123323213213223333313313300310
3392 01000100011101000100123323223213223233313313313311
3092 01300000011101000000133323323322123333313313323310
3105 01300000111000000030133323323322123333323313313313
3249 01000300011000000100123323213213223333313313213313
3009 03000300010000000333321121231111221231131120130131
3032 01010000010101000003123323213213223223310310313310
3137 01000100010100001133123323213213223233313313310310
3128 01300000011101000130133323323322122333310310311313
3233 03000300031000000303321121231111221131130131131131
3274 01300000011101000130133323323322122333313313313313
3156 03000000031002000330321121221211221231121131131131
3132 01300000011100000100133323323322123323310313323313
3394 01000000011101000100123323223213223233313313313313
3037 01000100011000000331123323213213223233313313323310
3220 01000000011101000300123323223213223233323313213313
3114 01000000011100000130123323213213223333313313023311
3029 01310000011100201131121323323322223323313313313313
3244 01300000011100000100133323323322122333313313313310
3071 03030300030103000303321121231211222131131131131131
3186 03000000031000000333321121231111221231130131131130
3002 01300000011100000000133323323322123323310310310313
3327 03000000030100000300311121221211221231131130120131
3220 01000100010100000100122323223213223233313310313313
3072 01300000011100000100133323323323222323323313313310
3433 03000300030103000330321121221211221231131133131131
3239 01000000010000000030123323223213223333310313320313
3129 03000300001000000333321121221111221231131131131131
3384 03000000030003000333321121221211221231121131231131
3242 01000000011100000100123323223313223333313313313313
